1847660
1847860
1847980
1849640
1849920
1850200
1851310
1852340
1853190
1853540
1855010
1855200
1856700
1857240
1858660
1862840
1866140
1869950
1872560
1878760
1883250
1885670
1892890
1898240
1900190
1900530
1900590
1906080
1908140
1909390
1916230
1918140
1931310
1934540
1934700
1934840
1935250
1935270
1935400
1937280
1938910
1938990
1939160
1942010
1942360
1943790
1943910
1947700
1949330
1950710
1950800
1952190
1952570
1952650
1954180
1954230
1955060
1956420
1958330
1970980
1971320
1972290
1973700
1977890
1979770
1980300
1981020
1982100
1983240
1983510
1984600
1984920
1995980
1996940
1997990
1999360
2001850
2001970
2005920
2006620
2007660
2008650
2009510
2055960
2059200
2078870
2080910
2100780
2448150
2846023
